# Add more chords and variations here if you need…

# C chords
X 3 2 0 1 0|C|0 3 2 0 1 0
X 3 1 0 1 3|Cm|0 3 1 0 2 4
X 3 2 3 1 0|C7|0 3 2 4 1 0
X X 2 4 1 3|CMaj7|0 0 2 4 1 3
X 3 1 3 1 X|Cm7|0 3 1 4 1 0
X 3 3 0 1 X|Csus4|0 3 4 0 1 0
8 7 5 7 5 X|Cadd9|4 2 1 3 1 0

# D chords
X X 0 2 3 2|D|0 0 0 1 3 2
X X 0 2 3 1|Dm|0 0 0 2 3 1
X X 0 2 1 2|D7|0 0 0 2 1 3
X X 0 2 2 2|DMaj7|0 0 0 1 1 1
X X 0 2 1 1|Dm7|0 0 0 2 1 1
X X 0 2 3 3|Dsus4|0 0 0 1 2 3
X 5 4 2 5 2|Dadd9|0 3 2 1 4 1

# E chords
0 2 2 1 0 0|E|0 2 3 1 0 0
0 2 2 0 0 0|Em|0 2 3 0 0 0
0 2 0 1 0 0|E7|0 2 0 1 0 0
0 X 1 1 0 X|EMaj7|0 0 2 3 0 0
0 2 0 0 0 0|Em7|0 1 0 0 0 0
0 2 2 2 0 0|Esus4|0 1 1 1 0 0
X 7 6 4 7 4|Eadd9|0 3 2 1 4 1

# F chords 
1 3 3 2 1 1|F|1 3 4 2 1 1
1 3 3 1 1 1|Fm|1 3 4 1 1 1
1 3 1 2 1 1|F7|1 3 1 2 1 1
X X 3 2 1 0|FMaj7|0 0 3 2 1 0
1 3 1 1 1 1|Fm7|1 3 1 1 1 1
1 3 3 3 1 1|Fsus4|1 2 3 4 1 1
X 8 7 5 8 5|Fadd9|0 3 2 1 4 1

# G chords 
3 2 0 0 0 3|G|2 1 0 0 0 3
3 5 5 3 3 3|Gm|1 3 4 1 1 1
3 2 0 0 0 1|G7|3 2 0 0 0 1
X 2 0 0 0 3|GMaj7|0 2 0 0 0 3
3 5 3 3 3 3|Gm7|1 3 2 1 1 1
3 5 5 5 3 3|Gsus4|1 2 3 4 1 1
X 10 9 7 10 7|Gadd9|0 3 2 1 4 1

# A chords 
X 0 2 2 2 0|A|0 0 1 2 3 0
X 0 2 2 1 0|Am|0 0 2 3 1 0
X 0 2 0 2 0|A7|0 0 1 0 2 0
X 0 2 1 2 0|AMaj7|0 0 2 1 3 0
X 0 2 0 1 0|Am7|0 0 2 0 1 0
X 0 2 2 3 0|Asus4|0 0 1 2 4 0
5 4 2 4 2 X|Aadd9|4 2 1 3 1 0

# B chords
X 2 4 4 4 2|B|0 1 2 3 4 1
X 2 4 4 2 1|Bm|0 1 3 4 2 1
X 2 1 2 0 2|B7|0 2 1 3 0 4
X X 1 3 0 2|BMaj7|0 0 1 4 0 3
X 0 0 2 0 2|Bm7|0 0 0 1 0 2
X 2 4 4 5 2|Bsus4|0 1 2 3 4 1
7 6 4 6 4 X|Badd9|4 2 1 3 1 0

# Alternative Voicings
# C voicings
X 3 5 5 5 3|C (Var2)|0 1 2 3 4 1
X X 5 5 5 8|C (Var3)|0 0 1 1 1 4
8 10 10 9 8 8|C (Var4)|1 3 4 2 1 1 
X X 10 12 13 12|C (Var5)|0 0 1 2 4 3

# D voicings
X 5 4 3 3 2|D (Var2)|0 4 3 1 2 1
X 5 7 7 7 5|D (Var3)|0 1 2 3 4 1
X X 7 7 7 10|D (Var4)|0 0 1 1 1 4
10 12 12 11 10 10|D (Var5)|1 3 4 2 1 1

# E voicings
X X 2 4 5 4|E (Var2)|0 0 1 2 4 3
X 7 6 4 2 4|E (Var3)|0 4 3 1 2 1
X 7 9 9 9 7|E (Var4)|0 1 2 3 4 1
X X 9 9 9 12|E (Var5)|0 0 1 1 1 4

# F voicings
X X 3 2 1 1|F (Var2)|0 0 4 3 1 2
X X 3 5 6 3|F (Var3)|0 0 1 2 4 3
X 8 7 5 6 5|F (Var4)|0 4 3 1 2 1
X 8 10 10 10 8|F (Var5)|0 1 2 3 4 1
X X 10 10 10 13|F (Var6)|0 0 1 1 1 4

# G voicings
3 5 5 4 3 3|G (Var2)|1 3 4 2 1 1
X X 5 7 8 7|G (Var3)|0 0 1 2 4 3
X 10 9 7 8 7|G (Var4)|0 4 3 1 2 1
X 10 12 12 12 10|G (Var5)|0 1 2 3 4 1

# A voicings
X X 2 2 2 5|A (Var2)|0 0 1 1 1 4
5 7 7 6 5 5|A (Var3)|1 3 4 2 1 1
X X 7 9 10 9|A (Var4)|0 0 1 2 4 3
X 12 11 9 10 9|A (Var5)|0 4 3 1 2 1

# B voicings
X X 4 4 4 7|B (Var2)|0 0 1 1 1 4
7 9 9 8 7 7|B (Var3)|1 3 4 2 1 1
X X 9 11 12 11|B (Var4)|0 0 1 2 4 3

# Extended chords (9, 11, 13 /First Var)
X 3 2 3 3 3|C9|0 2 1 3 3 3
X 3 X 3 3 1|C11|0 2 0 3 4 1
X 3 2 3 3 5|C13|0 2 1 3 3 4

0 0 0 2 1 2|D9|0 0 0 2 1 3
X 5 X 5 5 3|D11|0 2 0 3 4 1
X 5 4 5 5 7|D13|0 2 1 3 3 4

0 2 0 1 0 2|E9|0 2 0 1 0 4
X 7 X 7 7 5|E11|0 2 0 3 4 1
0 X 0 1 2 X|E13|0 0 0 1 2 0

1 X 1 0 1 1|F9|1 0 2 0 3 4
X 8 X 8 8 6|F11|0 2 0 3 4 1
1 X 1 2 3 X|F13|1 0 2 3 4 0

X 0 0 0 0 1|G9|0 0 0 0 0 1
3 X 3 2 1 X|G11|3 0 4 2 1 0
3 X 3 4 5 X|G13|1 0 2 3 4 0

X 2 2 2 2 3|A9|0 1 1 1 1 2
X 0 0 0 0 0|A11|0 0 0 0 0 0
5 X 5 4 2 2|A13|3 0 4 2 1 1

X 2 1 2 2 2|B9|0 2 1 3 3 3
X 2 X 2 2 0|B11|0 2 0 3 4 0
X 2 1 2 2 4|B13|0 2 1 2 2 4


# Diminished and Augmented chords
X 3 4 5 4 X|Cdim|0 1 2 4 3 0
X 5 6 7 6 X|Ddim|0 1 2 4 3 0
0 1 2 0 X X|Edim|0 1 2 0 0 0
1 2 3 1 X X|Fdim|1 2 3 1 0 0
3 4 5 3 X X|Gdim|1 2 3 1 0 0
X 0 1 2 1 X|Adim|0 0 1 3 2 0
X 2 3 4 3 X|Bdim|0 1 2 4 3 0

X 3 4 3 4 X|Caug|0 1 3 2 4 0
X X 0 3 3 2|Daug|0 0 0 2 3 1
0 3 2 1 1 0|Eaug|0 4 3 1 2 0
X X 3 2 2 1|Faug|0 0 4 2 3 1
3 2 1 0 0 3|Gaug|3 2 1 0 0 4
X 0 3 2 2 1|Aaug|0 0 4 2 3 1
7 6 5 0 0 X|Baug|3 2 1 0 0 0


